testy,V1
8435,1,0.173656260810694
2916,0,0.173656260810694
4111,0,0.219183432433419
4150,0,0.0273309170092684
4804,0,0.377938480938031
3292,0,0.218477939026606
8060,1,0.369910911153674
6876,0,0.218477939026606
6628,0,0.218477939026606
2597,0,0.218477939026606
4157,0,0.218477939026606
5546,0,0.249906015098129
8902,1,0.357963205238409
2548,0,0.334448397115893
2972,0,0.348159623763997
111,0,0.218477939026606
6263,0,0.338858813664101
6175,0,0.262614340601366
4545,0,0.0273309170092684
10168,1,0.384140427008156
9490,1,0.348159623763997
3319,0,0.218477939026606
2912,0,0.291841035746105
441,0,0.384140427008156
2459,0,0.262614340601366
4480,0,0.0214678785298247
1699,0,0.218477939026606
6346,0,0.182931135862784
8756,1,0.359970831391957
8302,1,0.362450963381993
127,0,0.301602886847039
3574,0,-0.016822082522376
8177,1,0.359970831391957
9955,1,0.281609765210063
2252,0,0.218477939026606
6134,0,0.218477939026606
6451,0,0.150835001652998
8300,1,0.282776539749761
3593,0,0.218477939026606
2942,0,0.218477939026606
3790,0,0.217391280014627
4977,0,0.38862097713987
6948,0,-0.0180407285964201
6954,0,-0.016822082522376
10392,1,0.385203719752568
9814,1,0.38862097713987
2547,0,0.38862097713987
4470,0,0.173656260810694
4578,0,0.218477939026606
2868,0,0.218477939026606
2383,0,0.106383323698312
2674,0,0.369910911153674
2451,0,0.0851734830441027
10322,1,0.262614340601366
1808,0,0.106383323698312
6419,0,0.359970831391957
9098,1,0.262614340601366
10172,1,0.38862097713987
8332,1,0.301810085478685
8758,1,0.218477939026606
5058,0,0.301602886847039
2828,0,0.377938480938031
10160,1,0.347224370419907
5810,0,0.241271858510316
3280,0,0.219183432433419
5276,0,0.196518106154058
9658,1,0.388776998016399
7969,0,0.150835001652998
4281,0,0.282776539749761
5074,0,0.218477939026606
3207,0,0.334448397115893
6086,0,0.359970831391957
9314,1,0.218477939026606
7652,0,0.348159623763997
5456,0,0.0103724211916113
8097,1,0.128334094647235
8221,1,0.218477939026606
4457,0,0.201419226475886
6946,0,0.106383323698312
7586,0,-0.0180407285964201
8583,1,0.369234945265833
1991,0,0.218477939026606
8770,1,0.391451896123562
5319,0,0.218477939026606
5430,0,0.0455422402851104
1674,0,0.173656260810694
148,0,0.369910911153674
8042,1,0.38862097713987
4128,0,0.218477939026606
2751,0,0.0214678785298247
7696,0,0.173656260810694
570,0,0.0648549880379055
3366,0,0.0455422402851104
6607,0,0.218477939026606
8347,1,0.338858813664101
2998,0,0.218477939026606
4285,0,0.241271858510316
5580,0,0.392762628288364
1393,0,0.0273309170092684
4923,0,0.38068141987889
9182,1,0.385203719752568
8963,1,0.369234945265833
8845,1,0.262614340601366
4603,0,0.150835001652998
7992,0,0.218477939026606
3370,0,0.218477939026606
8089,1,0.315012159518037
1742,0,0.359970831391957
10400,1,0.369910911153674
6118,0,0.0103724211916113
8119,1,0.38862097713987
3465,0,0.218477939026606
2107,0,0.241271858510316
9623,1,0.282776539749761
2349,0,-0.016822082522376
9153,1,0.218477939026606
1089,0,0.128334094647235
9322,1,0.241271858510316
823,0,-0.0180407285964201
7951,0,0.320998307281853
6559,0,0.173656260810694
8674,1,0.377938480938031
7982,0,0.403596067540919
8411,1,0.38862097713987
8059,1,0.359970831391957
3241,0,0.0273309170092684
2239,0,0.106383323698312
9459,1,0.385203719752568
5861,0,0.330106821772976
4786,0,0.318869834132348
347,0,0.218477939026606
1275,0,0.282776539749761
4016,0,0.377938480938031
5396,0,0.391303455979306
4257,0,0.384140427008156
340,0,0.218477939026606
2680,0,0.262614340601366
2763,0,0.384140427008156
1047,0,0.0273309170092684
6023,0,0.128334094647235
6773,0,0.260636225025576
9338,1,0.232939687894381
2090,0,0.301810085478685
6247,0,0.196518106154058
1552,0,0.392672948351708
1558,0,0.262614340601366
805,0,0.271215740992221
2462,0,0.106383323698312
3393,0,0.0108703472829353
2727,0,0.218477939026606
9090,1,0.318869834132348
568,0,0.355096113779038
7929,0,0.438483036510644
5053,0,0.334448397115893
1420,0,0.0648549880379055
10498,1,0.318869834132348
2740,0,0.0103724211916113
1849,0,0.150835001652998
3345,0,0.218477939026606
3554,0,-0.016822082522376
6130,0,0.218477939026606
4635,0,0.338858813664101
7416,0,0.38068141987889
6376,0,0.262614340601366
2658,0,0.0214678785298247
3855,0,0.218477939026606
3307,0,0.0648549880379055
8632,1,0.262614340601366
8825,1,0.318869834132348
7709,0,0.241271858510316
9143,1,0.0648549880379055
172,0,0.369234945265833
4854,0,0.0103724211916113
3054,0,0.385203719752568
1027,0,0.301602886847039
9251,1,0.218477939026606
504,0,0.330106821772976
5174,0,0.218477939026606
2061,0,0.262614340601366
154,0,0.0851734830441027
4088,0,0.150527073636483
8487,1,0.218477939026606
9921,1,0.150835001652998
428,0,0.128334094647235
10425,1,0.262614340601366
1962,0,0.218477939026606
2220,0,0.0455422402851104
4618,0,0.218477939026606
6585,0,0.0329108790053257
5496,0,-0.00492831094845622
9078,1,0.338858813664101
5128,0,0.218477939026606
8378,1,0.218477939026606
6999,0,-0.00492831094845622
8801,1,0.392672948351708
4188,0,0.218477939026606
3446,0,0.106383323698312
9415,1,0.218477939026606
381,0,0.262614340601366
4767,0,-0.0180407285964201
6846,0,-0.016822082522376
2926,0,0.106383323698312
6582,0,0.173656260810694
6181,0,0.0273309170092684
42,0,0.218477939026606
3110,0,0.241271858510316
3558,0,0.0851734830441027
6078,0,0.241271858510316
1812,0,0.385203719752568
3713,0,0.218477939026606
2986,0,0.0541572948784409
2842,0,-0.016822082522376
9310,1,0.218477939026606
1611,0,0.388776998016399
6215,0,0.31153330754114
8026,1,0.218477939026606
812,0,0.369910911153674
8337,1,0.359970831391957
5005,0,0.38862097713987
6702,0,0.0273309170092684
663,0,0.262614340601366
5217,0,0.282776539749761
656,0,0.348159623763997
8479,1,0.0648549880379055
47,0,0.218477939026606
8100,1,0.332100660696911
4525,0,0.388776998016399
7012,0,0.0273309170092684
8936,1,0.241271858510316
7064,0,-0.0180407285964201
10054,1,0.262614340601366
7477,0,0.218477939026606
1979,0,0.414206034236634
4375,0,0.0455422402851104
394,0,-0.0180407285964201
361,0,0.282776539749761
6748,0,0.338858813664101
4534,0,0.318869834132348
9980,1,0.218477939026606
2973,0,0.377938480938031
6278,0,0.369910911153674
6293,0,0.0273309170092684
4047,0,-0.0180407285964201
2120,0,0.301602886847039
6656,0,0.218477939026606
3431,0,0.218477939026606
6989,0,0.218477939026606
1585,0,0.338858813664101
2725,0,0.196518106154058
3900,0,0.218477939026606
9346,1,0.106383323698312
1528,0,0.201419226475886
4763,0,0.369234945265833
2711,0,0.0273309170092684
2520,0,0.173656260810694
8344,1,0.196518106154058
4409,0,-0.0180407285964201
3927,0,0.218477939026606
9397,1,0.383519597700497
1917,0,0.384140427008156
2721,0,0.196518106154058
1609,0,0.392762628288364
1129,0,0.218477939026606
5168,0,0.355096113779038
3602,0,0.218477939026606
4779,0,0.173656260810694
4178,0,0.106383323698312
8481,1,0.392762628288364
1984,0,0.106383323698312
10440,1,0.359970831391957
2018,0,0.106383323698312
3872,0,0.218477939026606
657,0,0.196518106154058
9647,1,0.218477939026606
8033,1,0.218477939026606
2770,0,0.334448397115893
1181,0,0.377938480938031
7376,0,0.0103724211916113
8905,1,0.241271858510316
5977,0,0.173656260810694
3190,0,0.362450963381993
4401,0,0.391451896123562
5303,0,0.218477939026606
7245,0,0.196518106154058
8162,1,0.377938480938031
614,0,0.0214678785298247
8361,1,0.359970831391957
9198,1,0.390798731906963
8804,1,0.392672948351708
5910,0,0.218477939026606
4952,0,0.281609765210063
4851,0,0.334448397115893
9116,1,0.334448397115893
6553,0,0.440978935802289
8798,1,0.262614340601366
6537,0,0.150835001652998
8354,1,0.38862097713987
3321,0,0.388776998016399
2835,0,0.318869834132348
10302,1,0.20562457538426
8593,1,0.0851734830441027
3885,0,0.383519597700497
5103,0,0.128334094647235
1004,0,0.0455422402851104
9687,1,0.218477939026606
4604,0,0.377938480938031
2259,0,0.388776998016399
9063,1,0.219183432433419
1082,0,0.348159623763997
1748,0,0.219183432433419
2907,0,0.0103724211916113
5500,0,-0.00492831094845622
4794,0,0.173656260810694
2285,0,0.218477939026606
8003,1,0.377938480938031
6177,0,0.369910911153674
7211,0,0.218477939026606
4436,0,0.249906015098129
7897,0,0.218477939026606
2411,0,0.196518106154058
5176,0,0.218477939026606
4714,0,0.362450963381993
8273,1,0.385203719752568
5231,0,0.218477939026606
8939,1,0.218477939026606
8464,1,0.219183432433419
4046,0,0.218477939026606
5643,0,0.128334094647235
739,0,0.0648549880379055
7057,0,0.218477939026606
3596,0,0.0749084796597959
2117,0,0.0455422402851104
1752,0,0.369910911153674
4996,0,0.0648549880379055
5668,0,0.359970831391957
8158,1,0.392762628288364
3155,0,0.362450963381993
9489,1,0.330106821772976
6391,0,0.218477939026606
4474,0,0.391303455979306
6797,0,0.0103724211916113
8691,1,0.369910911153674
8269,1,0.392762628288364
8956,1,0.218477939026606
6517,0,0.348159623763997
3251,0,0.218477939026606
232,0,0.0455422402851104
1331,0,0.150835001652998
853,0,0.369910911153674
4471,0,0.281609765210063
1669,0,0.432346533773825
6421,0,0.0273309170092684
2318,0,0.218477939026606
3295,0,0.347224370419907
3559,0,0.219183432433419
7117,0,0.218477939026606
706,0,0.262614340601366
2872,0,0.392762628288364
4881,0,0.359970831391957
1245,0,0.262614340601366
8028,1,0.219183432433419
8188,1,0.338858813664101
1524,0,0.301602886847039
5723,0,0.347224370419907
7585,0,0.359970831391957
9999,1,0.392672948351708
3695,0,0.392672948351708
2261,0,0.282776539749761
7180,0,0.392672948351708
3909,0,0.218477939026606
8008,1,0.359970831391957
10177,1,0.150835001652998
7818,0,0.320998307281853
9637,1,0.241271858510316
8846,1,0.218477939026606
6841,0,0.348159623763997
2115,0,0.369234945265833
10051,1,0.219183432433419
6899,0,-0.016822082522376
8877,1,0.375329499514413
603,0,0.262614340601366
5589,0,0.219183432433419
4568,0,0.384140427008156
7792,0,0.0214678785298247
1347,0,0.219183432433419
7388,0,0.106383323698312
3258,0,0.218477939026606
8672,1,0.385203719752568
3174,0,0.218477939026606
6931,0,0.218477939026606
10315,1,0.106383323698312
4452,0,0.218477939026606
8205,1,0.334448397115893
8926,1,0.218477939026606
2080,0,0.218477939026606
10116,1,0.196518106154058
10455,1,0.241271858510316
2864,0,0.218477939026606
1716,0,0.150835001652998
8528,1,0.173656260810694
1888,0,0.392672948351708
9261,1,0.0648549880379055
1895,0,0.218477939026606
6606,0,0.217391280014627
8668,1,0.318869834132348
4174,0,0.150835001652998
4022,0,0.0648549880379055
5918,0,0.106383323698312
8367,1,0.391451896123562
3757,0,0.262614340601366
8038,1,0.375329499514413
380,0,0.282776539749761
9006,1,0.262614340601366
9355,1,0.338858813664101
10018,1,0.173656260810694
9967,1,0.301602886847039
2184,0,0.150835001652998
6739,0,0.391451896123562
9262,1,0.388776998016399
571,0,0.391451896123562
9231,1,0.391303455979306
4060,0,0.301602886847039
6632,0,0.241271858510316
2140,0,0.217391280014627
8155,1,0.262614340601366
2932,0,-0.0180407285964201
9132,1,0.241271858510316
7152,0,0.334448397115893
970,0,0.377938480938031
4591,0,0.0947805470151991
3897,0,0.377938480938031
7708,0,0.375329499514413
4195,0,0.0851734830441027
1973,0,0.218477939026606
9936,1,0.348159623763997
4421,0,-0.00492831094845622
7559,0,0.216877445860629
6319,0,0.218477939026606
8202,1,0.369910911153674
5350,0,0.173656260810694
6294,0,0.384140427008156
1771,0,0.0103724211916113
8766,1,0.38862097713987
6824,0,0.348159623763997
2470,0,0.218477939026606
2995,0,0.369910911153674
8697,1,0.218477939026606
5658,0,0.241271858510316
388,0,0.218477939026606
7485,0,0.375329499514413
5532,0,0.218477939026606
7332,0,0.0542953150487138
84,0,0.128334094647235
7690,0,0.334448397115893
8324,1,0.218477939026606
9149,1,0.392672948351708
5184,0,0.0455422402851104
5409,0,0.362450963381993
3260,0,0.369910911153674
7052,0,-0.0180407285964201
4118,0,0.106383323698312
1254,0,0.348159623763997
4043,0,0.0648549880379055
1075,0,0.392672948351708
4980,0,0.359970831391957
2334,0,0.359970831391957
6292,0,0.128334094647235
2013,0,0.271215740992221
3208,0,0.218477939026606
10001,1,0.218477939026606
4668,0,0.355096113779038
613,0,0.369910911153674
8238,1,0.377938480938031
4298,0,0.369910911153674
5216,0,0.219183432433419
2209,0,0.282776539749761
8858,1,0.334448397115893
1175,0,0.369910911153674
5734,0,0.150835001652998
10147,1,0.218477939026606
8522,1,0.388776998016399
2351,0,0.375329499514413
6196,0,-0.0180407285964201
4186,0,0.0648549880379055
1298,0,0.196518106154058
159,0,0.282776539749761
8890,1,0.369234945265833
10259,1,0.362450963381993
4557,0,0.392672948351708
3993,0,0.0273309170092684
5166,0,0.241271858510316
6362,0,0.218477939026606
7493,0,0.31153330754114
5185,0,0.391303455979306
2841,0,0.159905970065755
662,0,0.262614340601366
6459,0,0.301602886847039
1896,0,0.260636225025576
5832,0,0.391451896123562
400,0,0.219183432433419
9749,1,0.337753102802644
9105,1,0.196518106154058
3776,0,0.348159623763997
9422,1,0.392762628288364
6327,0,0.218477939026606
9624,1,0.218477939026606
7852,0,0.218477939026606
8167,1,0.218477939026606
2797,0,0.369910911153674
2395,0,0.359970831391957
9982,1,0.348159623763997
936,0,0.196518106154058
986,0,0.0103724211916113
803,0,0.0455422402851104
4240,0,0.0851734830441027
6862,0,0.348159623763997
4263,0,-0.00492831094845622
6365,0,0.384140427008156
6740,0,0.227988357266809
1828,0,0.302749079258397
9067,1,0.391451896123562
8502,1,0.218477939026606
5417,0,-0.00492831094845622
9613,1,0.384140427008156
1436,0,0.301602886847039
