testy,V1
9385,1,-0.00749136530489536
7712,0,0.603545996402826
6754,0,0.0875512885047119
6158,0,-0.0374628587991122
3560,0,0.399715866251302
9492,1,0.448306166397152
9570,1,0.3134705307574
1744,0,-0.023370592729659
4702,0,-0.103317238779878
7883,0,0.275513002606814
2504,0,0.131993356250217
2036,0,0.00956094398056251
3403,0,0.0667586046602631
7832,0,0.0997510029057369
3639,0,0.111783352707462
10404,1,0.817810251955433
6749,0,-0.0339775309714878
640,0,-0.00951677422321529
9357,1,0.65382113133539
6385,0,0.0187419941056512
9353,1,0.73958566774943
1265,0,0.500019616291254
9175,1,0.382982721307608
10187,1,0.233253892754892
8424,1,0.406161495102844
72,0,0.633419940532517
1509,0,0.00755382587361808
1198,0,0.00231248128001438
7488,0,-0.00191874651762558
195,0,0.0347701184515752
8582,1,0.938240982699353
867,0,0.140157785552627
5554,0,-0.0208164030213446
370,0,0.225860435625655
5688,0,0.139282680499394
8919,1,0.662370557967995
9535,1,0.00577535551656907
5468,0,0.420969613834851
4892,0,0.67683071409126
1334,0,0.0319607173374854
2507,0,-0.0436866364233137
10282,1,0.129511780442527
1290,0,-0.104150675039542
2212,0,-0.0554867269185192
5627,0,0.436974183159468
1111,0,0.206367690224801
4174,0,0.384594930551787
912,0,0.586398807761757
5728,0,0.0111629807140849
5182,0,-0.0122421158534811
4382,0,-0.0121912624944904
4390,0,0.241170611061554
2274,0,-0.0812287599099746
5358,0,0.0232514487610622
2820,0,0.222695093082104
9256,1,0.440070649288947
3419,0,0.0467865366117748
920,0,0.192969373612066
9030,1,0.518895383447252
5780,0,0.154212002392861
7945,0,0.0931043089014234
6287,0,0.257756567678187
3805,0,-0.00370180802032105
9803,1,-0.120019836203816
10027,1,0.76663159083251
8270,1,0.609080593210097
10466,1,0.299731219925034
5797,0,0.00581670020458169
1042,0,-0.0385058398845994
7953,0,0.267435420469395
2324,0,0.0772524549124062
9366,1,0.69556473127687
4556,0,0.102590541785562
1838,0,-0.0135962919190307
3540,0,0.140456403528701
2987,0,0.599112456289337
7627,0,0.914910933006464
8076,1,0.732198392479111
2245,0,-0.02637244206541
6915,0,0.282566969856221
1089,0,0.181158897996137
4558,0,0.235474200331616
7059,0,0.262836960130491
5929,0,0.084350215381724
8794,1,0.516733980916234
8970,1,0.450619937374821
8591,1,1.12328233893734
2518,0,0.0779140786334751
9692,1,0.673512516492395
7700,0,0.194065521160844
6942,0,-0.0130895858096076
6066,0,-0.0268064418838738
9815,1,0.121507775555561
9930,1,0.487123190278433
1822,0,-0.0111701828358142
1422,0,0.134642743481562
6777,0,0.083541716382571
4664,0,0.289403192567781
4435,0,0.0653085055364943
5365,0,0.0132497279492714
7246,0,0.212814388309417
3066,0,0.06218101400433
2127,0,0.297066632848741
9566,1,0.503681146419643
10225,1,0.272462598739233
5010,0,0.507206531753047
10285,1,-0.152212033946133
4153,0,-0.0116916044646138
10130,1,0.407613059901947
3691,0,0.146663357708893
10303,1,0.0651819860186755
1644,0,0.0123557850129736
5623,0,1.28512281244558
4061,0,0.319431685471023
5295,0,0.39771287896198
3865,0,-0.0312179935926937
3998,0,0.351028347821224
3605,0,0.283760904105154
670,0,0.110429791911637
8915,1,-0.053817521126522
7005,0,0.775601521100992
7323,0,-0.012027721116014
2886,0,0.0623664994200295
5880,0,0.210042050632084
3633,0,0.00656284436161514
4162,0,-0.00962423837079851
6542,0,-0.0170038070175464
2849,0,0.624684062815209
10406,1,0.39954734913054
8473,1,0.510664458248144
1866,0,0.307747487918814
8204,1,-0.00232929847058727
4739,0,-0.0123109100484842
2656,0,0.254494916742368
5936,0,0.383265152127783
4414,0,0.16065541296752
9643,1,0.553846220372378
8948,1,0.0536702201100334
550,0,0.179110952827349
9778,1,1.08725289276104
9669,1,1.07846346688499
6611,0,0.265475572668939
945,0,-0.00178848095667128
4871,0,-0.191814863394632
1595,0,-0.0138625642744714
5620,0,0.458376521657437
4905,0,0.777516606902005
2367,0,0.00500153312608553
4676,0,0.193253115274746
6402,0,0.148533463285529
6055,0,0.124088265039669
2377,0,-0.183173834904852
10338,1,-0.0163490628160237
3019,0,-0.0112420027822158
1735,0,-0.204072270784972
8869,1,0.0310343835905365
10124,1,0.526523846993033
5300,0,0.227900491693167
7912,0,0.198281832619406
7368,0,-0.00969307266044894
6541,0,-0.0205059941924317
1127,0,-0.098518660134041
2701,0,-0.0149691422391283
3742,0,0.21067127943463
9486,1,0.465841511433341
5041,0,-0.13080791937993
6922,0,-0.152270942522308
5977,0,-0.0988366860630214
3024,0,0.0390101945869432
7020,0,-0.0138089260573828
8479,1,-0.0345351309504509
9263,1,1.0556981292921
5782,0,0.205895237719105
6694,0,-0.0126522218286764
5612,0,0.340451841850364
852,0,0.357695555898388
1815,0,0.0215370655298353
1206,0,0.130520940158596
7249,0,-0.00186311240382864
9081,1,0.265334959439508
119,0,0.105840487149006
1220,0,0.0386866780770084
9508,1,0.744354162536012
7060,0,0.091766838107525
344,0,0.189969649396505
7055,0,0.432653669667628
8258,1,0.218580701877266
9413,1,1.05096448631633
260,0,0.369710188065918
334,0,-0.13640527014665
5480,0,-0.0132146069925803
1157,0,0.365050506238226
5282,0,0.35786963844186
2389,0,0.313454421520164
2571,0,-0.156240124156684
10288,1,0.997538436339379
5352,0,0.466841035987974
3042,0,0.0786864910645333
8392,1,0.27496108415086
5829,0,-0.0131484932842418
5093,0,0.495096122335687
3234,0,0.119234970827707
4209,0,0.472729652517589
3239,0,-0.00883457434994739
6736,0,0.40366228765174
2182,0,-0.0335915589704601
6700,0,-0.00426253918946751
6945,0,0.410076311261237
10456,1,0.0502509384152051
1384,0,0.303511342699753
3969,0,-0.201679769547572
9105,1,0.610970627273706
4947,0,0.0890489437853861
6073,0,-0.00173122109323454
10400,1,0.502179491507222
4350,0,0.390262262619415
1690,0,-0.12252208489119
7860,0,0.109931384696109
4835,0,0.00376789558256707
9655,1,-0.0561201608005122
6795,0,0.00345825402530742
4516,0,-0.230039772501821
3756,0,-0.0154126134666512
8162,1,0.97601675861278
2041,0,0.00696020299769717
6765,0,0.0307628291982153
1912,0,-0.0159095446251258
4540,0,0.0330885833634362
9003,1,0.364081418158065
2959,0,-0.00934452834510813
1819,0,0.122781999014867
6166,0,0.00158325705809159
850,0,0.190204208676079
4321,0,0.133173691228955
4068,0,0.00284199553138076
2720,0,-0.0117798947097467
6606,0,0.475030126226732
7412,0,0.427375903595379
4844,0,0.0301397842232241
10308,1,0.923915588670865
958,0,0.160044085612454
2584,0,0.31684348286763
4809,0,0.371018415345499
8944,1,0.870281978445946
132,0,-0.0201898451706535
2268,0,0.475185946951887
7932,0,-0.00594629680519276
1585,0,0.383065874701889
1235,0,0.00115375703932119
1994,0,0.707688214211813
5164,0,-0.0138035273608732
2334,0,0.0669119545636692
4070,0,0.277464804545175
2590,0,0.670711376610789
8147,1,0.448286784206326
8635,1,0.482569518103083
8988,1,0.374977168452688
3763,0,0.0273037822105227
8821,1,0.221252170099049
7278,0,0.386470991391102
9793,1,0.495053206205193
4278,0,0.356567595766145
5819,0,-0.0133535878511879
5702,0,-0.0498523626590538
4203,0,-0.00524306014424059
7429,0,0.00438233392793197
6333,0,0.196207113589576
10449,1,0.5420285776587
3590,0,0.0977646424154642
6750,0,-0.00543335798098843
3321,0,0.0382011762462072
7940,0,-0.128606679052874
4734,0,0.474757446422563
7384,0,0.0337215977312955
1800,0,0.0475262945932662
9319,1,1.14239694631304
8689,1,0.75750720044002
7923,0,0.391048356071053
1837,0,0.0373430055768562
4156,0,0.0314650664491099
9299,1,0.231868919142976
9226,1,0.607866765184866
6412,0,0.408437271329516
2352,0,0.447842027532187
8672,1,0.369371585080734
8943,1,0.949998345427199
5679,0,-0.0145868826197932
3228,0,0.15215096131847
6634,0,-0.000580463412410248
139,0,0.922695687240869
5082,0,0.0405034747433406
4001,0,-0.0215717506933399
3811,0,0.126324737760847
8791,1,0.66295341374147
5787,0,0.653349838737582
3114,0,0.256724883803317
6269,0,0.146305349717283
4669,0,0.00264807880711126
839,0,0.092904827073284
3251,0,0.761534049734105
4393,0,0.0609533794389112
1860,0,0.107087527733185
2864,0,-0.0176223721061579
7611,0,0.576319318826002
2383,0,0.148522947509357
3010,0,0.432344918413031
5645,0,0.0761801969077511
9538,1,0.790670406668104
6403,0,-0.088890860228852
338,0,0.122891139437025
9507,1,0.526582781775652
6220,0,-0.0161956828757517
1930,0,0.0139931685897698
4894,0,-0.040713800311158
10151,1,0.487925053270832
10277,1,0.761814161001512
6473,0,-0.0134971051163111
1114,0,0.378537706277888
4388,0,-0.0716203914120541
2768,0,0.311381712832575
8557,1,0.346038275826428
8900,1,0.559373341724545
8122,1,0.461177260748449
3015,0,0.226706660311028
10144,1,0.826034395365518
5307,0,0.00826717067442106
3826,0,0.202955097779006
6232,0,0.201158424808562
9181,1,0.663514560536463
4759,0,-0.00666257171290252
2239,0,-0.227535270522202
9623,1,0.726663772285967
2497,0,-0.0122602277418182
7996,0,-0.0143341308467346
1457,0,0.727432323441838
1318,0,-0.0157176390702347
3658,0,-0.0973929229097128
5471,0,0.10362542481744
2370,0,-0.0449163340757261
10191,1,0.617547190454344
9120,1,1.00084181471474
2137,0,0.0767534257810099
4568,0,0.374196320341201
3839,0,0.479973931632288
1586,0,-0.0151661093993227
2235,0,0.13376912989238
9595,1,0.728893342429339
7622,0,-0.0326661673776221
6787,0,-0.0336720300869737
1749,0,0.0786854393781431
3973,0,0.558401965460033
1391,0,0.154050583963126
8792,1,0.32159562474572
5844,0,-0.0599477939551158
715,0,0.185724030096473
361,0,0.0230475201641229
8763,1,1.15457800975163
2633,0,0.14032945668308
9230,1,0.782280207358448
1772,0,0.00273344420481403
113,0,0.0584782233901426
9313,1,0.511022364253528
9156,1,0.815597955528812
1708,0,0.564434849150423
8002,1,0.165451988721131
8353,1,0.806170365997181
5450,0,0.158853295903353
8621,1,0.519473327603816
5521,0,-0.00169876914169742
279,0,0.183348865314279
9261,1,0.158739636085572
908,0,0.225335991019812
7746,0,-0.0147960057191443
10256,1,0.152707198847201
3964,0,-0.0137444622612013
2008,0,0.105855806100605
9067,1,0.615752434528986
7536,0,0.03892069071354
5038,0,-0.0649094273823645
4865,0,-0.0131648363988723
242,0,-0.0330181573495016
10355,1,0.756665194959314
5099,0,0.170897192852022
3852,0,0.159743081222401
2265,0,0.0997868679800773
9275,1,-0.0316881411182499
9754,1,0.260763383609714
7021,0,0.349336555351608
2614,0,-0.0158839697467605
3729,0,0.102942127510918
7004,0,0.134662479762132
4254,0,0.156443281232054
5649,0,0.241752738272293
8645,1,0.7307262869797
3224,0,-0.021697029990857
1960,0,0.348315935067447
7785,0,0.00689633277609136
1974,0,-0.0451933310724182
10500,1,0.746574505483336
5383,0,-0.173289696147888
4680,0,0.152503020351082
7255,0,0.0219554315392487
1881,0,-0.0379128445938919
4151,0,0.0878721368463574
5385,0,-0.0817404168203683
4906,0,0.232949012848865
544,0,0.545662687646727
5079,0,0.400347906992349
9196,1,0.831368124536085
10276,1,0.550453418039773
10206,1,0.37510906384382
3717,0,-0.0109161042005959
2982,0,-0.0762313210850012
407,0,0.320990190573019
812,0,0.138034025446248
10030,1,0.206663322139699
10485,1,0.214375995157621
3603,0,0.110032639230052
10492,1,0.161986022762851
7304,0,-0.00575687256310253
10037,1,0.151803738884487
5412,0,-0.0297626386198164
2636,0,0.323874493359053
9558,1,0.691448954427311
911,0,0.211500705199236
8079,1,0.629067328670393
7830,0,0.15705719540817
10395,1,1.07235216479023
1613,0,0.221382328860871
4887,0,0.079566409003761
336,0,0.345720671429323
10280,1,0.489530038719501
472,0,-0.0999258014907936
7024,0,-0.0146570020096892
6022,0,-0.0774086576016851
6751,0,-0.0118528249084562
2662,0,0.0572888565887973
5242,0,-0.113570328786052
2529,0,-0.0122728929148745
9873,1,0.283832221823995
6953,0,-0.0159637544951978
3415,0,-0.0128264501094324
1970,0,0.504638257159767
5254,0,-0.0111279085243552
4101,0,0.150571578598916
2561,0,0.217914432293286
1040,0,0.611506708304125
3227,0,-0.0640273561645799
4923,0,0.522950147424936
3353,0,0.260043665366402
4700,0,-0.0203511428592762
985,0,-0.0181127615301033
1996,0,-0.0181160372486122
3080,0,0.278738336395255
805,0,0.0157230738437042
10141,1,0.46635169306461
7893,0,0.0079195315799192
2707,0,0.43160462883576
4695,0,0.526711332094916
5258,0,-0.174783459862066
7506,0,-0.0187539093099096
9380,1,-0.114681544768144
4697,0,-0.0207884441838264
6848,0,0.178036437696795
3873,0,0.570740522549402
5524,0,0.17066424611985
1280,0,0.196203139735618
6190,0,-0.0155745933003848
9348,1,0.756514850092791
7054,0,-0.00543603560369865
1936,0,0.0764062319791714
6324,0,-0.0126492850441571
262,0,0.322448686929334
6557,0,0.129342405205612
9151,1,0.886216398347823
5876,0,-0.0110466935488223
4008,0,0.360618070195988
8500,1,0.226887756836988
9517,1,0.75963081299579
8782,1,0.738419964139598
3063,0,0.0105981626912095
8531,1,0.265326003508009
600,0,-0.0671747961231264
9505,1,0.698272671976552
10173,1,0.691547113818981
5315,0,-0.00425281979554915
7379,0,0.115571750699895
3495,0,0.223718110205896
7989,0,0.781799820485513
1101,0,0.0341076872476753
6314,0,0.304451185609333
79,0,0.831341237985876
10217,1,0.357651549613225
3349,0,0.143906280067338
7558,0,0.43138667561005
1163,0,0.268070953537802
8047,1,0.327263751684865
7144,0,-0.190600192604754
1546,0,0.1312773844637
4138,0,0.863516447975947
9477,1,0.447844847769725
5087,0,0.147615580427936
1341,0,0.53804855000422
6528,0,0.219552630540654
3235,0,-0.00542643129166187
1576,0,0.0506876967018429
2085,0,0.106966268351275
8697,1,0.572513626328181
6492,0,0.0676206182875322
1244,0,-0.0576458698082705
562,0,0.0459604393078036
6115,0,0.0478905781547927
1426,0,0.130751479148519
4654,0,0.138404043240695
533,0,0.713285143056302
5389,0,-0.0249975972676515
975,0,0.0180597091764327
3912,0,0.113119943104891
2842,0,-0.0227620370197399
7666,0,0.122120923394959
8612,1,1.22034640003387
1088,0,0.561388106725525
6378,0,-0.0112121196404065
8693,1,1.3455322687223
5312,0,-0.0142663087232342
