testy,V1
6184,0,0.0712682150838966
9203,1,0.59271910694752
5884,0,-0.0912879171461155
3905,0,-0.0256504103047246
2710,0,0.248262941161966
4419,0,-0.357476701405361
2322,0,-0.0234481519873512
2865,0,-0.00895148812401303
5772,0,-0.284649914835287
4068,0,0.265323831472986
4060,0,0.340304469892875
7513,0,0.0178163138841249
1189,0,0.118447451366654
5272,0,-0.0486991537347772
6471,0,-0.00606797695815559
2541,0,0.673543930049179
1613,0,0.162668187905524
4700,0,0.226143533433438
7030,0,0.0418997052825702
10365,1,0.198009794307319
9637,1,0.635149287302133
426,0,0.361699996431407
955,0,0.694451831892093
10168,1,-0.16307152211244
9423,1,0.661136819066581
8587,1,1.32124098361569
8543,1,0.496384873684177
1256,0,0.26644882262593
7400,0,0.759426348919807
4900,0,-0.0327694938404424
3425,0,-0.0225100629579323
4074,0,0.220483634349533
3575,0,0.0931364726340472
2057,0,0.0710275622066343
4576,0,0.0421189069171697
8298,1,0.117579224586014
4782,0,0.635588875726267
9730,1,-0.0817114159570937
2783,0,-0.044103153061761
3927,0,0.298575800101752
1080,0,0.326783359101769
6009,0,0.381508143200736
7010,0,0.42732773527754
717,0,0.517665795326259
4767,0,-0.0192254315409511
8226,1,0.489839263679426
1258,0,0.343403576121468
9183,1,0.718851011789087
9535,1,0.567470995321611
1542,0,-0.0424156647766304
3803,0,-0.0645871118456596
55,0,0.132337116878798
1242,0,-0.0247595553769704
1481,0,0.0289539540230962
8344,1,0.303567864579307
5192,0,0.646702803316498
5276,0,0.434853925085221
3637,0,-0.0872366657649782
6921,0,0.0692414222710238
5194,0,0.417963926694091
1473,0,-0.072533100328341
295,0,0.123266166361972
6830,0,-0.000669784158398329
7782,0,0.509125358328646
1665,0,-0.00320987462456324
5889,0,0.0931189847988849
6629,0,0.13354774956197
3331,0,0.355635695366189
3935,0,-0.0359498148623713
7249,0,-0.258026619523072
3509,0,0.294498821440277
1514,0,0.0708438244262976
9237,1,0.107166486184924
10165,1,0.930916547206873
988,0,-0.167376875455705
4836,0,0.0690066339991884
189,0,0.112608194495692
2422,0,0.018702228956528
6643,0,0.0963016930524371
10219,1,0.294661069244747
9070,1,0.426939241342581
5545,0,-0.0146352509927816
3328,0,-0.164005990418835
6603,0,-0.160985070558519
2237,0,0.0211375478226832
9770,1,0.603414487398435
2449,0,0.069253366109669
8034,1,0.736182930403828
3453,0,0.0136024153044125
9863,1,0.68046305898249
9621,1,0.190761124503309
3483,0,0.930471553981326
8844,1,0.479037880916381
7562,0,0.0571281588699777
10261,1,0.566592201633904
5481,0,0.784703442815201
1211,0,-0.0322667084416724
6506,0,0.227485069999548
8961,1,0.816756945071073
3680,0,0.132891239651379
9939,1,0.700870077890579
3852,0,0.0882483288361869
10488,1,1.22924846074269
9873,1,-0.11599535952941
158,0,0.0423073519828038
1341,0,-0.144726799247449
5040,0,0.120083620296371
9346,1,0.92973279702566
307,0,0.0799288404630758
9290,1,-0.181567151261138
9079,1,0.988652181608233
960,0,0.13643184395
8151,1,0.284583844309898
7254,0,0.0784243807821692
5468,0,0.353201464973049
8003,1,0.915121884904529
5252,0,0.62070964581045
7547,0,0.622339833676268
8619,1,0.829604608404557
5539,0,-0.0178643889415344
2367,0,0.0174323377770033
1718,0,-0.145764905629362
10085,1,0.133286193665431
4734,0,0.608579587478491
5215,0,-0.418275845207375
5940,0,0.103447343549925
4967,0,-0.0832529873871949
8997,1,0.159133481120163
865,0,0.0576177093768068
3478,0,0.0339275226526424
9012,1,0.369911874050819
6848,0,0.0514492939067985
6698,0,-0.00579135304883172
2443,0,0.719365685259875
5595,0,-0.00952400151742755
251,0,-0.119030669493392
8127,1,0.17712215385866
7365,0,0.0242762043006
4277,0,-0.0107357133987746
964,0,0.0678059893688935
8652,1,0.338946332914715
8147,1,0.900954272981265
4633,0,-0.0151810189455865
4479,0,-0.00357829667940823
8713,1,0.462615748806307
3690,0,0.399642230379679
3771,0,0.119383965103737
4012,0,0.0128813743611593
7433,0,0.0169181181343712
2135,0,0.0957354180486202
4365,0,0.123738722539508
8542,1,0.890938438540486
8460,1,0.347217615774404
7832,0,0.102372535129931
8649,1,0.0686055022473247
5307,0,0.00667575048700558
7082,0,0.159799373298861
9993,1,0.222906873574553
1688,0,-0.159582682363216
6440,0,-0.0207591421886681
5941,0,0.0181922331131747
6730,0,-0.318875175440641
7,0,0.469588524416188
7988,0,-0.0300067594152632
6791,0,0.0780015152673298
10381,1,0.232369403044544
6836,0,0.160045690662287
5405,0,0.0359445003027297
9078,1,0.769791210076013
5546,0,0.185515739095523
4608,0,-0.0813532341668542
4933,0,0.00357453252115003
1007,0,-0.0639788596113049
8451,1,0.137771367173193
4465,0,-0.217005427835078
333,0,0.288056144721884
6400,0,0.542278418810935
9567,1,0.432465118343997
6426,0,-0.0372927716972134
9302,1,0.570790783979119
7869,0,0.378254848349594
6490,0,-0.0622143428584475
7080,0,0.467582672187868
7318,0,-0.0399391847606319
8752,1,0.19766658052251
1282,0,-0.113254568444126
927,0,-0.0384177832363235
5334,0,0.3581088880121
3589,0,-0.040686859328951
6288,0,0.0727310855012525
10134,1,0.900768319827506
2200,0,0.642085432878673
1517,0,0.536207877979032
705,0,-0.16578219192533
560,0,-0.0231115428954359
8800,1,0.429619484375672
2432,0,-0.143570534036135
6900,0,0.053463218252443
1768,0,0.076777709928095
6464,0,0.273996229563812
7000,0,0.0653820071634808
7435,0,0.39782481714085
3006,0,0.110914270300281
2794,0,0.287921685233907
7032,0,0.207956580135207
7860,0,0.0769341247006141
241,0,0.0638166946731835
6422,0,-0.0111013090495864
10195,1,0.143444249330719
3944,0,0.391057630703617
10108,1,0.683381235035071
6149,0,0.219180884527659
2156,0,0.330015114800574
10139,1,0.60584605181548
1520,0,0.453417292738457
7359,0,0.000780757585257752
9475,1,0.776227928593113
2257,0,0.0425688154821395
2580,0,-0.00662160916442789
2749,0,0.203965120476043
2091,0,0.0189081221423417
506,0,0.252875987395295
1851,0,-0.0690658963526628
6405,0,0.445826390423704
9800,1,0.220390026355819
1168,0,-0.00171353221887011
7395,0,-0.018599972161971
1191,0,0.408129287313294
4914,0,0.0768369209118186
5428,0,0.0153111711893377
1874,0,-0.0395934089299222
3780,0,0.0865997174505974
5535,0,0.498371326066132
5116,0,0.00376280086666358
9393,1,0.561164708468794
1941,0,-0.324013698590674
7291,0,0.436144811990796
7884,0,0.302084225883096
9758,1,0.332541189257807
7023,0,0.0197686343621209
9322,1,0.682884320596403
9452,1,-0.122062693955855
1749,0,-0.066251200514935
3961,0,-0.00259041308942018
4409,0,-0.0998809828504712
8407,1,0.901992927356619
7008,0,-0.000822297199284616
4946,0,0.02165716197753
779,0,0.0703258785908165
4521,0,-0.191084172509946
3513,0,0.00930526426558831
3021,0,0.00699913350354275
7634,0,0.0675407734174866
9534,1,0.671285357605314
4942,0,0.222102313685421
267,0,-0.153323584824269
2398,0,0.010982872117909
9231,1,0.370456971219398
1330,0,-0.11863715247644
7811,0,0.0571906539464433
3918,0,-0.250542776198664
8036,1,0.365725594274991
6402,0,-0.231068284148574
9443,1,0.121435289458771
6073,0,0.084337843955723
6388,0,0.0113091894003379
7593,0,0.102147659110253
4378,0,0.0821211396762243
1967,0,0.0446148725829643
4435,0,0.16758512086897
499,0,0.408197135064087
2232,0,0.24118015490441
7664,0,0.534211558253918
5500,0,-0.042927475153516
8597,1,1.32075508875216
1556,0,0.0858404333698907
8670,1,0.793560599505189
8046,1,0.116935494013906
2220,0,0.391297323374796
5794,0,0.0464717464611034
9769,1,0.277731161656107
8361,1,1.06362772180989
1607,0,-0.0302322667725569
664,0,-0.0302104224363162
6948,0,-0.0231321927165205
4290,0,0.607591870942455
4186,0,0.0204119021212186
6652,0,0.113927005500648
6561,0,0.372737465270099
10413,1,1.31017692579626
173,0,0.00187734281790899
6354,0,-0.0334324928404856
5319,0,-0.0764277694807329
9205,1,0.0501426677605261
2017,0,0.976627828927312
8404,1,0.363278181831224
1407,0,0.194256053732104
6052,0,-0.19281616994564
6470,0,0.00180251894985911
7559,0,0.0442625382182151
7337,0,0.38580279664186
6462,0,0.0665222258875608
2512,0,0.0611099696822207
7487,0,-0.149327930263346
837,0,0.058019383284149
9644,1,0.369539777381209
9499,1,0.699164253187629
5070,0,0.410504196211439
8771,1,0.599544702066038
2305,0,0.556853736616778
4304,0,0.489585185866072
9470,1,0.95353256280679
5985,0,0.012842303486331
1518,0,0.373503510125891
675,0,0.0212951079153188
809,0,-0.0194397191238662
4021,0,0.562580271976754
445,0,-0.0389316574859951
1763,0,0.428250230374014
4684,0,0.135444497820882
7927,0,0.331663044169627
9488,1,0.587234597821453
7090,0,-0.111288091833368
2478,0,0.2944355867937
6134,0,-0.00404269717922828
1464,0,-0.126396644149868
9023,1,0.435467279466575
8971,1,0.0631950117382315
573,0,0.0870486119420923
4042,0,0.328003814697107
410,0,0.798731303703401
5157,0,0.147854183588749
9594,1,-0.0179503057796382
3254,0,0.358146877065209
2222,0,-0.0325065296952693
3889,0,0.151074874078547
8079,1,1.01754321749271
4934,0,0.0158656636491187
8297,1,0.681486293188381
3205,0,0.241017824767297
3229,0,0.0177389099740584
8529,1,0.496165497501899
7848,0,0.0548115856357551
8393,1,0.0875594960316797
805,0,0.12135325232189
10190,1,0.468208189330581
9909,1,0.469256217973281
9471,1,0.348798427591609
843,0,0.227626595616473
480,0,-0.0218501367079447
4302,0,-0.0278942114135976
7455,0,0.137079861222762
335,0,-0.168439760676599
1984,0,-0.0764782152242995
8556,1,0.470556162709549
93,0,0.053791237051714
606,0,0.0653850771111213
225,0,0.136441340707928
10152,1,1.06024854244784
9235,1,0.301680192846357
9353,1,0.499816448556335
373,0,0.518386471875963
5368,0,0.278959249532745
6201,0,0.147579811337
3325,0,0.163872403617033
823,0,0.0397705036325068
7084,0,-0.031432544847567
7250,0,0.373287084451918
8119,1,0.0725874244426514
3979,0,0.149161403989605
7407,0,0.181355795530744
42,0,-0.302246285253887
2122,0,0.0100821546939659
1486,0,0.532034863705029
1365,0,0.296653321387107
5260,0,0.066666778313144
329,0,0.476100494205747
1883,0,0.159685044733897
2531,0,-0.0526158647843605
6396,0,0.251025918582029
3482,0,-0.0637760399042986
7894,0,0.430778667554185
4229,0,-0.195587784223275
183,0,-0.135312396139644
3207,0,0.0362124415225549
4993,0,0.609987875707872
6942,0,-0.0222084000524696
1634,0,0.128579400268973
689,0,0.676683175947613
3219,0,0.061478549882263
9482,1,0.27321691848282
3480,0,0.129817122000449
8849,1,0.88627309991481
303,0,-0.0473017114768027
9886,1,0.52618295566751
8790,1,0.0182772705136545
1652,0,0.107802909425957
4529,0,-0.0699159796149736
1270,0,-0.042520327190358
9957,1,0.131427777719788
9605,1,0.757392523169294
5717,0,0.479953730663036
3456,0,0.419104989639276
7009,0,0.271170986247475
2103,0,-0.0580789761925391
1028,0,-0.00368058392318243
1856,0,0.169808176840489
4444,0,-0.158004106045686
9126,1,0.268364277906368
4310,0,0.232021588562107
5141,0,-0.135561747092956
10002,1,0.705160352697532
392,0,0.105827510974869
7646,0,-0.028194609794709
5026,0,-0.00910750578981001
1663,0,0.107770240168378
651,0,0.0402000134231542
4054,0,0.0196491607441979
5805,0,0.106853816639692
6785,0,-0.0348825026584965
1170,0,-0.0320939541467235
1011,0,0.174120119144294
607,0,0.586335521986178
890,0,0.590809362962149
2368,0,0.0624408682900195
7683,0,0.59778159696389
1051,0,-0.0785601209735686
2393,0,0.0102790481233529
58,0,0.455006694885572
2950,0,0.338335181824732
5456,0,0.0197946146103518
6614,0,0.111111222093291
3614,0,0.567488006017899
9710,1,0.97409369213694
2294,0,0.0314077752336479
2816,0,0.172012815929352
6021,0,-0.222033197918606
6800,0,0.259965080624356
4612,0,-0.125211333041783
7712,0,0.241526503345269
9039,1,0.579618327733595
9026,1,0.594542099344914
5100,0,0.142800736712019
9744,1,0.875157071745258
9256,1,0.173016596708092
7056,0,0.0845028381924269
4986,0,0.00449433941475136
2146,0,0.221947840135996
3299,0,-0.0142917252382504
2139,0,0.135321498428562
1037,0,0.0135023967151221
9747,1,0.391845651111058
2041,0,0.0249906143196411
226,0,0.399199331031061
2289,0,-0.038924663694856
8360,1,0.0384240841520681
7496,0,0.622915593809654
4944,0,0.0438681263595195
4234,0,0.460536749624129
2652,0,0.0121877143035386
8982,1,0.311527286813799
623,0,0.0425144741394994
10329,1,0.492342484031178
1598,0,-0.0187882055895729
2476,0,-0.0177484668774654
10285,1,0.259801318072348
6857,0,0.100846965796859
5473,0,0.108001655701689
6521,0,-0.0112333573060249
7019,0,0.0712011139193106
9171,1,0.253249333695537
5729,0,0.0619197073157655
8584,1,0.334369520726923
746,0,0.0388331465944215
8506,1,0.331134882923051
9591,1,0.429619484375672
9661,1,0.789138979577064
5499,0,0.0293817515850074
7177,0,0.315878436263869
7357,0,0.0499183906582802
5094,0,0.639465812483998
4918,0,0.00937680353329262
451,0,0.178131871958496
875,0,0.276307672615363
10264,1,0.82003017952187
9812,1,0.600404261469403
6289,0,0.33958793422649
4903,0,-0.0405221055841291
150,0,0.584581991021377
9551,1,-0.0524095449150408
669,0,0.107989000022457
2909,0,0.10551040078798
7896,0,0.0789889112571094
2553,0,0.126507073056767
8500,1,0.092959093531475
4464,0,0.387182524377275
8067,1,0.0472749764417982
6673,0,0.144951361269566
7225,0,0.254922352755694
5695,0,0.507438326983348
8523,1,0.66820590550068
9069,1,0.507936684534034
1672,0,-0.0304210770979514
8887,1,0.362624589172732
3426,0,0.313882068556239
5120,0,0.917972213286911
3020,0,0.059478959384246
1076,0,0.0646921942999016
4558,0,0.085023454606594
7050,0,0.168484408279953
2725,0,0.181259394112478
7477,0,0.0164703045282486
5332,0,0.00867333055420033
2213,0,-0.0106303735934185
9948,1,0.727464152394701
739,0,0.491239876070408
8401,1,0.592821745130289
3729,0,-0.0957570782930358
7321,0,-0.145778666869912
3302,0,0.25782853670199
8398,1,0.869914996759781
6291,0,0.0812679447124156
9057,1,0.788225260345473
6343,0,0.0998403921480247
6226,0,0.0703965637412146
